서연	1	36,825
서윤	2	36,327
지우	3	31,748
서현	4	29,362
하은	5	28,685
하윤	6	28,645
민서	7	28,024
지유	8	24,231
윤서	9	23,761
지민	10	22,707
채원	11	22,365
수아	12	22,011
지아	13	20,919
지윤	14	20,904
은서	15	20,830
다은	16	20,575
예은	17	19,516
수빈	18	18,544
지안	19	18,473
소율	20	18,388
예린	21	17,679
예원	22	17,400
하린	23	17,387
지원	24	17,077
소윤	25	16,758
서아	26	16,658
시은	27	15,372
유나	28	15,323
유진	29	15,259
채은	30	14,826
윤아	31	14,403
가은	32	14,238
서영	33	13,902
민지	34	13,686
예진	35	13,514
예나	36	13,259
수민	37	13,176
수연	38	12,900
연우	39	12,813
시아	40	12,616
아린	41	12,551
예서	42	12,437
주아	43	12,304
하율	44	11,912
시연	45	11,820
연서	46	11,610
다인	47	11,451
서우	48	11,234
유주	49	11,156
다연	50	11,038
아인	51	10,971
현서	52	10,856
아윤	53	10,829
서은	54	10,759
채윤	55	10,342
하연	56	10,287
서율	57	10,280
서진	58	10,247
유빈	59	10,166
나윤	60	10,159
지율	61	10,139
나은	62	10,112
수현	63	9,988
예지	64	9,809
다현	65	9,722
서하	66	9,469
소은	67	9,056
나연	68	9,024
지은	69	9,003
민주	70	8,936
사랑	71	8,833
시현	72	8,747
예빈	73	8,714
윤지	74	8,682
지현	75	8,564
소연	76	8,524
채아	77	8,397
혜원	78	8,137
지수	79	8,108
은채	80	8,106
주하	81	8,050
승아	82	7,800
다윤	83	7,558
소민	84	7,502
서희	85	7,402
나현	86	7,365
채린	87	7,362
민아	88	7,355
하영	89	7,288
세아	90	7,257
세은	91	7,214
도연	92	7,112
규리	93	7,091
아영	94	7,075
다온	95	6,839
가윤	96	6,679
지연	97	6,670
예림	98	6,626
태희	99	6,460
민채	100	6,444
주은	101	6,408
시윤	102	6,347
유정	103	6,318
연아	104	6,258
소현	105	6,179
아현	106	6,167
보민	107	6,159
민정	108	6,148
수진	109	6,015
현지	110	6,014
민경	111	5,928
정원	112	5,889
나경	113	5,871
가현	114	5,835
세연	115	5,686
은지	116	5,657
윤하	117	5,649
가연	118	5,648
지효	119	5,624
가온	120	5,482
라희	121	5,377
예슬	122	5,317
채연	123	5,283
한별	124	5,247
현아	125	5,179
하늘	126	5,096
소희	127	5,070
유하	128	4,967
효주	129	4,950
유림	130	4,949
채민	131	4,835
은솔	132	4,832
봄	133	4,823
소이	134	4,734
가영	135	4,724
주연	135	4,724
예주	137	4,714
유리	138	4,624
리아	139	4,593
혜린	140	4,589
하진	141	4,585
다희	142	4,571
하랑	143	4,521
설아	144	4,461
하나	145	4,450
태연	146	4,444
윤슬	147	4,441
은우	148	4,413
하람	149	4,403
다혜	150	4,395
다솜	151	4,370
혜인	152	4,359
지혜	153	4,348
유민	154	4,342
재인	155	4,329
승연	156	4,311
다빈	157	4,282
재이	158	4,266
수인	159	4,265
이서	160	4,239
지영	161	4,229
수정	162	4,188
시온	163	4,138
은유	164	4,127
채영	165	4,116
주원	166	4,086
고은	167	4,038
태린	168	4,034
태은	169	3,992
지후	170	3,972
아라	171	3,912
민하	172	3,846
나영	172	3,846
수지	174	3,844
소영	175	3,830
단아	176	3,730
은별	177	3,727
서인	178	3,702
보경	179	3,664
다영	180	3,651
주희	181	3,615
가빈	182	3,611
채현	183	3,608
정민	184	3,560
예솔	185	3,528
시우	186	3,455
효린	187	3,451
지온	188	3,441
정윤	189	3,397
소정	190	3,384
라온	191	3,381
은재	192	3,376
세빈	193	3,369
채이	194	3,353
한나	195	3,348
연재	196	3,338
서빈	197	3,324
예담	198	3,305
슬아	199	3,277
아진	200	3,267
해인	201	3,261
아연	202	3,254
도희	203	3,229
연주	204	3,225
보미	205	3,222
예인	206	3,197
지호	207	3,189
나율	208	3,188
서정	209	3,178
다원	210	3,172
하음	211	3,143
정연	212	3,135
별	213	3,125
은빈	214	3,121
다율	215	3,114
서원	216	3,070
율	217	3,063
세인	218	3,062
효은	219	3,061
연지	220	3,040
준희	221	3,031
재희	222	3,029
지인	223	3,000
채희	223	3,000
도은	225	2,998
은비	226	2,953
다경	227	2,951
리원	228	2,926
채빈	229	2,913
소미	230	2,905
희원	231	2,900
가인	232	2,880
윤주	233	2,851
유은	234	2,832
혜민	235	2,812
미소	236	2,808
로아	237	2,799
루아	238	2,788
솔	239	2,775
은수	240	2,717
혜진	241	2,712
은율	242	2,701
세린	243	2,697
리안	244	2,672
이안	245	2,666
은혜	246	2,644
연수	247	2,636
재은	248	2,615
설	249	2,610
하민	249	2,610
아름	251	2,607
유라	252	2,604
효원	253	2,600
라윤	254	2,587
현진	255	2,573
유이	256	2,554
민영	257	2,545
이현	258	2,529
선우	259	2,527
단비	260	2,515
혜빈	260	2,515
하온	262	2,489
정현	263	2,482
혜윤	264	2,475
온유	265	2,466
윤	266	2,444
세영	267	2,426
정은	268	2,420
제인	269	2,400
여진	270	2,387
채율	271	2,386
가을	272	2,361
민솔	273	2,359
윤진	274	2,341
태리	275	2,338
라엘	276	2,333
은성	277	2,329
세희	278	2,318
유경	279	2,298
여원	280	2,297
현정	281	2,296
서린	282	2,289
가람	283	2,285
주현	284	2,279
윤채	285	2,257
소원	286	2,244
나린	287	2,239
진서	287	2,239
은설	289	2,235
현주	290	2,231
도경	291	2,215
하엘	292	2,207
연희	293	2,205
해나	294	2,200
혜림	295	2,187
효민	296	2,186
진아	297	2,110
다정	298	2,099
가희	299	2,065
주영	299	2,065