서연	1	36,825
서윤	2	36,327
지우	3	31,748
서현	4	29,362
하은	5	28,685
하윤	6	28,645
민서	7	28,024
지유	8	24,231
윤서	9	23,761
지민	10	22,707
채원	11	22,365
수아	12	22,011
지아	13	20,919
지윤	14	20,904
은서	15	20,830
다은	16	20,575
예은	17	19,516
수빈	18	18,544
지안	19	18,473
소율	20	18,388
예린	21	17,679
예원	22	17,400
하린	23	17,387
지원	24	17,077
소윤	25	16,758
서아	26	16,658
시은	27	15,372
유나	28	15,323
유진	29	15,259
채은	30	14,826
윤아	31	14,403
가은	32	14,238
서영	33	13,902
민지	34	13,686
예진	35	13,514
예나	36	13,259
수민	37	13,176
수연	38	12,900
연우	39	12,813
시아	40	12,616
아린	41	12,551
예서	42	12,437
주아	43	12,304
하율	44	11,912
시연	45	11,820
연서	46	11,610
다인	47	11,451
서우	48	11,234
유주	49	11,156
다연	50	11,038
아인	51	10,971
현서	52	10,856
아윤	53	10,829
서은	54	10,759
채윤	55	10,342
하연	56	10,287
서율	57	10,280
서진	58	10,247
유빈	59	10,166
나윤	60	10,159
지율	61	10,139
나은	62	10,112
수현	63	9,988
예지	64	9,809
다현	65	9,722
서하	66	9,469
소은	67	9,056
나연	68	9,024
지은	69	9,003
민주	70	8,936
사랑	71	8,833
시현	72	8,747
예빈	73	8,714
윤지	74	8,682
지현	75	8,564
소연	76	8,524
채아	77	8,397
혜원	78	8,137
지수	79	8,108
은채	80	8,106
주하	81	8,050
승아	82	7,800
다윤	83	7,558
소민	84	7,502
서희	85	7,402
나현	86	7,365
채린	87	7,362
민아	88	7,355
하영	89	7,288
세아	90	7,257
세은	91	7,214
도연	92	7,112
규리	93	7,091
아영	94	7,075
다온	95	6,839
가윤	96	6,679
지연	97	6,670
예림	98	6,626
태희	99	6,460
민채	100	6,444
주은	101	6,408
시윤	102	6,347
유정	103	6,318
연아	104	6,258
소현	105	6,179
아현	106	6,167
보민	107	6,159
민정	108	6,148
수진	109	6,015
현지	110	6,014
민경	111	5,928
정원	112	5,889
나경	113	5,871
가현	114	5,835
세연	115	5,686
은지	116	5,657
윤하	117	5,649
가연	118	5,648
지효	119	5,624
가온	120	5,482
라희	121	5,377
예슬	122	5,317
채연	123	5,283
한별	124	5,247
현아	125	5,179
하늘	126	5,096
소희	127	5,070
유하	128	4,967
효주	129	4,950
유림	130	4,949
채민	131	4,835
은솔	132	4,832
봄	133	4,823
소이	134	4,734
가영	135	4,724
주연	135	4,724
예주	137	4,714
유리	138	4,624
리아	139	4,593
혜린	140	4,589
하진	141	4,585
다희	142	4,571
하랑	143	4,521
설아	144	4,461
하나	145	4,450
태연	146	4,444
윤슬	147	4,441
은우	148	4,413
하람	149	4,403
다혜	150	4,395
다솜	151	4,370
혜인	152	4,359
지혜	153	4,348
유민	154	4,342
재인	155	4,329
승연	156	4,311
다빈	157	4,282
재이	158	4,266
수인	159	4,265
이서	160	4,239
지영	161	4,229
수정	162	4,188
시온	163	4,138
은유	164	4,127
채영	165	4,116
주원	166	4,086
고은	167	4,038
태린	168	4,034
태은	169	3,992
지후	170	3,972
아라	171	3,912
민하	172	3,846
나영	172	3,846
수지	174	3,844
소영	175	3,830
단아	176	3,730
은별	177	3,727
서인	178	3,702
보경	179	3,664
다영	180	3,651
주희	181	3,615
가빈	182	3,611
채현	183	3,608
정민	184	3,560
예솔	185	3,528
시우	186	3,455
효린	187	3,451
지온	188	3,441
정윤	189	3,397
소정	190	3,384
라온	191	3,381
은재	192	3,376
세빈	193	3,369
채이	194	3,353
한나	195	3,348
연재	196	3,338
서빈	197	3,324
예담	198	3,305
슬아	199	3,277
아진	200	3,267
해인	201	3,261
아연	202	3,254
도희	203	3,229
연주	204	3,225
보미	205	3,222
예인	206	3,197
지호	207	3,189
나율	208	3,188
서정	209	3,178
다원	210	3,172
하음	211	3,143
정연	212	3,135
별	213	3,125
은빈	214	3,121
다율	215	3,114
서원	216	3,070
율	217	3,063
세인	218	3,062
효은	219	3,061
연지	220	3,040
준희	221	3,031
재희	222	3,029
지인	223	3,000
채희	223	3,000
도은	225	2,998
은비	226	2,953
다경	227	2,951
리원	228	2,926
채빈	229	2,913
소미	230	2,905
희원	231	2,900
가인	232	2,880
윤주	233	2,851
유은	234	2,832
혜민	235	2,812
미소	236	2,808
로아	237	2,799
루아	238	2,788
솔	239	2,775
은수	240	2,717
혜진	241	2,712
은율	242	2,701
세린	243	2,697
리안	244	2,672
이안	245	2,666
은혜	246	2,644
연수	247	2,636
재은	248	2,615
설	249	2,610
하민	249	2,610
아름	251	2,607
유라	252	2,604
효원	253	2,600
라윤	254	2,587
현진	255	2,573
유이	256	2,554
민영	257	2,545
이현	258	2,529
선우	259	2,527
단비	260	2,515
혜빈	260	2,515
하온	262	2,489
정현	263	2,482
혜윤	264	2,475
온유	265	2,466
윤	266	2,444
세영	267	2,426
정은	268	2,420
제인	269	2,400
여진	270	2,387
채율	271	2,386
가을	272	2,361
민솔	273	2,359
윤진	274	2,341
태리	275	2,338
라엘	276	2,333
은성	277	2,329
세희	278	2,318
유경	279	2,298
여원	280	2,297
현정	281	2,296
서린	282	2,289
가람	283	2,285
주현	284	2,279
윤채	285	2,257
소원	286	2,244
나린	287	2,239
진서	287	2,239
은설	289	2,235
현주	290	2,231
도경	291	2,215
하엘	292	2,207
연희	293	2,205
해나	294	2,200
혜림	295	2,187
효민	296	2,186
진아	297	2,110
다정	298	2,099
가희	299	2,065
주영	299	2,065
민준	1	39,408
서준	2	37,786
도윤	3	30,984
예준	4	30,060
시우	5	28,498
하준	6	27,199
주원	7	26,665
지호	8	26,130
지후	9	23,328
준우	10	22,908
준서	11	22,392
건우	12	21,532
도현	13	21,468
현우	14	21,215
지훈	15	20,652
우진	16	20,313
선우	17	18,840
서진	18	17,420
유준	19	17,189
연우	20	17,089
민재	21	16,606
현준	22	16,430
은우	23	15,958
정우	24	14,781
시윤	25	13,992
승우	26	13,599
승현	27	13,551
준혁	28	13,431
지환	29	13,404
윤우	30	12,523
승민	31	12,438
유찬	32	12,391
지우	33	12,380
이준	34	12,324
민성	35	11,801
준영	36	11,483
시후	37	11,422
진우	38	11,322
수호	39	11,079
지원	40	11,033
수현	41	10,895
재윤	42	9,489
시현	43	9,427
동현	44	9,393
태윤	45	9,171
이안	46	9,154
민규	47	9,029
한결	48	8,904
재원	49	8,877
민우	50	8,845
재민	51	8,685
은찬	52	8,680
윤호	53	8,620
시원	54	8,593
민찬	55	8,356
지안	56	8,132
시온	57	7,886
성민	58	7,852
준호	59	7,727
승준	60	7,702
성현	61	7,667
현서	62	7,502
재현	63	7,434
하율	64	7,363
지한	65	7,332
우빈	66	7,289
태민	67	7,251
지성	68	7,249
예성	69	7,219
민호	70	7,183
태현	71	7,173
지율	72	7,149
서우	73	7,143
민혁	74	7,103
은호	75	6,915
성준	76	6,895
규민	77	6,766
정민	78	6,738
준	79	6,707
지민	80	6,696
윤성	81	6,671
율	82	6,563
윤재	83	6,539
우주	84	6,420
하람	85	6,394
하진	86	6,393
민석	87	6,356
준수	88	6,349
은성	89	6,296
태양	90	6,271
예찬	91	6,247
준희	92	6,105
도훈	93	5,958
하민	94	5,836
준성	95	5,688
건	96	5,673
지완	97	5,610
현수	98	5,603
승원	99	5,565
강민	100	5,540
정현	101	5,488
태준	102	5,442
승호	103	5,354
주호	104	5,342
성빈	105	5,251
주안	106	5,198
민서	107	5,133
로운	108	5,113
도영	109	5,071
우현	110	4,997
민수	111	4,939
건희	112	4,929
주환	113	4,922
하랑	114	4,914
다온	115	4,892
정훈	116	4,848
원준	117	4,832
시율	118	4,767
시훈	119	4,734
지오	120	4,682
민기	121	4,613
현민	122	4,608
시완	123	4,599
경민	124	4,580
서율	125	4,520
현성	126	4,515
승윤	127	4,490
주영	128	4,449
동하	129	4,442
태훈	130	4,297
민건	131	4,296
도율	132	4,283
동건	133	4,247
이현	134	4,222
재훈	135	4,219
태영	136	4,198
호준	137	4,192
승빈	138	4,164
가온	139	4,156
재준	140	4,121
시환	141	4,103
이든	142	4,093
세현	143	4,043
도하	144	4,025
태경	145	4,021
도원	146	3,947
도경	147	3,935
정후	148	3,912
서후	148	3,912
현진	150	3,910
재영	151	3,903
라온	152	3,893
정원	153	3,891
현승	154	3,853
찬영	155	3,851
영준	156	3,850
상현	157	3,845
범준	158	3,833
윤	159	3,829
온유	160	3,811
승훈	161	3,792
성윤	162	3,769
현	163	3,761
재하	164	3,755
주혁	165	3,719
찬우	166	3,680
연준	167	3,660
하윤	168	3,659
우성	169	3,630
동윤	170	3,621
성훈	171	3,609
승재	172	3,587
찬희	173	3,540
지혁	174	3,525
건호	175	3,519
세준	176	3,506
동욱	177	3,481
태율	178	3,464
수민	179	3,460
태호	180	3,443
유건	181	3,436
승찬	182	3,411
윤찬	183	3,383
단우	184	3,355
태우	185	3,348
산	186	3,338
현호	187	3,332
윤후	188	3,316
현빈	189	3,299
시안	190	3,268
찬	191	3,266
재우	192	3,262
준석	193	3,255
지운	194	3,247
주현	195	3,208
형준	196	3,202
연호	197	3,189
효준	198	3,179
재혁	199	3,169
주한	200	3,147
성우	201	3,137
규빈	202	3,130
주완	203	3,127
동우	204	3,124
하늘	205	3,099
수혁	206	3,095
재희	207	3,093
시헌	208	3,084
상윤	209	3,043
우찬	210	3,036
유빈	211	2,987
진호	212	2,976
유현	213	2,970
석현	214	2,944
우영	215	2,938
준형	216	2,920
도연	217	2,897
윤서	218	2,894
유진	219	2,887
서원	220	2,883
지용	221	2,865
용준	222	2,843
규현	223	2,832
준후	224	2,816
동준	225	2,813
은율	226	2,810
도준	227	2,793
호진	228	2,763
강현	229	2,759
태오	230	2,724
태인	231	2,720
진혁	232	2,706
상우	233	2,696
우준	234	2,680
은준	235	2,679
승후	236	2,677
시호	237	2,671
지웅	238	2,669
승환	239	2,659
은혁	240	2,640
동훈	241	2,626
유민	242	2,624
하온	243	2,593
도겸	244	2,588
성원	245	2,576
도진	246	2,571
승주	247	2,568
영민	248	2,559
대현	248	2,559
서윤	250	2,536
종현	251	2,531
세훈	252	2,504
서호	253	2,499
현석	254	2,490
신우	255	2,485
재호	256	2,475
준현	257	2,462
원우	258	2,451
강우	259	2,445
승유	260	2,444
상민	261	2,430
태환	262	2,405
은수	263	2,403
선호	264	2,390
준원	265	2,387
민결	266	2,380
정빈	267	2,374
동혁	268	2,359
영우	269	2,341
아인	270	2,306
유안	271	2,304
동규	272	2,300
진서	273	2,289
태성	274	2,264
유성	275	2,259
혜성	275	2,259
요한	277	2,243
성진	278	2,225
여준	279	2,217
윤건	280	2,197
인우	281	2,190
태건	282	2,187
주형	283	2,151
우혁	284	2,115
희찬	285	2,111
한율	286	2,106
하성	287	2,097
준범	288	2,094
찬민	289	2,092
서현	290	2,084
정호	291	2,068
윤수	292	2,066
민제	293	2,052
성호	294	2,051
인성	295	2,042
건후	296	2,031
경준	297	2,029
희준	298	2,027
상준	299	2,022
승혁	300	2,016
